# Made in Blockbench 4.9.4
mtllib materials.mtl

o cube
v 0.25 1.3375000000000001 0.3812500000000001
v 0.25 1.3375000000000001 0.06874999999999998
v 0.25 0.5750000000000002 0.3812500000000001
v 0.25 0.5750000000000002 0.06874999999999998
v -0.25 1.3375000000000001 0.06874999999999998
v -0.25 1.3375000000000001 0.3812500000000001
v -0.25 0.5750000000000002 0.06874999999999998
v -0.25 0.5750000000000002 0.3812500000000001
vt 0 1
vt 0.125 1
vt 0.125 0.8125
vt 0 0.8125
vt 0.25 1
vt 0.328125 1
vt 0.328125 0.8125
vt 0.25 0.8125
vt 0.125 1
vt 0.25 1
vt 0.25 0.8125
vt 0.125 0.8125
vt 0.25 0.8125
vt 0.328125 0.8125
vt 0.328125 0.625
vt 0.25 0.625
vt 0.53125 0.734375
vt 0.40625 0.734375
vt 0.40625 0.8125
vt 0.53125 0.8125
vt 0.53125 0.734375
vt 0.40625 0.734375
vt 0.40625 0.65625
vt 0.53125 0.65625
vn 0 0 -1
vn 1 0 0
vn 0 0 1
vn -1 0 0
vn 0 1 0
vn 0 -1 0
usemtl m_7719b944-326a-63df-0602-fcada7b44fd7
f 4/4/1 7/3/1 5/2/1 2/1/1
f 3/8/2 4/7/2 2/6/2 1/5/2
f 8/12/3 3/11/3 1/10/3 6/9/3
f 7/16/4 8/15/4 6/14/4 5/13/4
f 6/20/5 1/19/5 2/18/5 5/17/5
f 7/24/6 4/23/6 3/22/6 8/21/6
o cube
v 0.3964583671360419 1.2747770549324375 0.3005298077415831
v 0.4098923835489644 1.3333226368868487 0.13616149559889346
v 0.5505030252314898 0.7003032534018119 0.10850091755260571
v 0.563937041644412 0.7588488353562233 -0.055867394590083885
v 0.22874769968161035 1.294339194858519 0.10747099622679757
v 0.21531368326868794 1.2357936129041078 0.2718393083694872
v 0.3827923577770581 0.7198653933278933 -0.08455789396217978
v 0.3693583413641356 0.6613198113734822 0.07981041818050982
vt 0.375 0.53125
vt 0.421875 0.53125
vt 0.421875 0.375
vt 0.375 0.375
vt 0.421875 0.53125
vt 0.46875 0.53125
vt 0.46875 0.375
vt 0.421875 0.375
vt 0.46875 0.578125
vt 0.515625 0.578125
vt 0.515625 0.421875
vt 0.46875 0.421875
vt 0.515625 1
vt 0.5625 1
vt 0.5625 0.84375
vt 0.515625 0.84375
vt 0.671875 0.71875
vt 0.625 0.71875
vt 0.625 0.765625
vt 0.671875 0.765625
vt 0.703125 0.71875
vt 0.65625 0.71875
vt 0.65625 0.671875
vt 0.703125 0.671875
vn 0.07676580807384271 0.3345461825966354 -0.9392474979582267
vn 0.966104980625888 0.2079116908177589 0.15301599665117827
vn -0.07676580807384271 -0.3345461825966354 0.9392474979582267
vn -0.966104980625888 -0.2079116908177589 -0.15301599665117827
vn -0.24647145295271566 0.9191580824489984 0.30724622430236287
vn 0.24647145295271566 -0.9191580824489984 -0.30724622430236287
usemtl m_7719b944-326a-63df-0602-fcada7b44fd7
f 12/28/7 15/27/7 13/26/7 10/25/7
f 11/32/8 12/31/8 10/30/8 9/29/8
f 16/36/9 11/35/9 9/34/9 14/33/9
f 15/40/10 16/39/10 14/38/10 13/37/10
f 14/44/11 9/43/11 10/42/11 13/41/11
f 15/48/12 12/47/12 11/46/12 16/45/12
o cube
v 0.4662121489318094 0.8496643409620153 0.0485198689497538
v 0.5228269323862682 1.0963921506270338 -0.6441751607944384
v 0.48931884764612654 0.7634932707324218 0.01971553542140725
v 0.5459336311005853 1.01022108039744 -0.6729794943227848
v 0.41414012206585604 1.0730020854100357 -0.6613894604176959
v 0.35752533861139724 0.8262742757450172 0.031305569326496197
v 0.4372468207801732 0.9868310151804423 -0.6901937939460424
v 0.3806320373257144 0.7401032055154237 0.002501235798149759
vt 0.40625 0.65625
vt 0.4375 0.65625
vt 0.4375 0.625
vt 0.40625 0.625
vt 0.59375 0.625
vt 0.78125 0.625
vt 0.78125 0.59375
vt 0.59375 0.59375
vt 0.4375 0.65625
vt 0.46875 0.65625
vt 0.46875 0.625
vt 0.4375 0.625
vt 0.609375 0.90625
vt 0.796875 0.90625
vt 0.796875 0.875
vt 0.609375 0.875
vt 0.375 0.265625
vt 0.34375 0.265625
vt 0.34375 0.453125
vt 0.375 0.453125
vt 0.640625 0.59375
vt 0.609375 0.59375
vt 0.609375 0.40625
vt 0.640625 0.40625
vn 0.07676580807384256 0.33454618259663516 -0.9392474979582267
vn 0.9661049806258879 0.2079116908177593 0.1530159966511782
vn -0.07676580807384256 -0.33454618259663516 0.9392474979582267
vn -0.9661049806258879 -0.2079116908177593 -0.1530159966511782
vn -0.246471452952716 0.9191580824489982 0.3072462243023627
vn 0.246471452952716 -0.9191580824489982 -0.3072462243023627
usemtl m_7719b944-326a-63df-0602-fcada7b44fd7
f 20/52/13 23/51/13 21/50/13 18/49/13
f 19/56/14 20/55/14 18/54/14 17/53/14
f 24/60/15 19/59/15 17/58/15 22/57/15
f 23/64/16 24/63/16 22/62/16 21/61/16
f 22/68/17 17/67/17 18/66/17 21/65/17
f 23/72/18 20/71/18 19/70/18 24/69/18
o cube
v 0.5088517212909798 0.9727036443082182 -0.18364940485948256
v 0.5477144116283625 1.1420676492477648 -0.6591434507008348
v 0.5550651187196141 0.800361503849031 -0.24125807191617554
v 0.5939278090569968 0.9697255087885774 -0.7167521177575279
v 0.34845525937427324 1.099185863016602 -0.6907030000101403
v 0.3095925690368905 0.9298218580770554 -0.21520895416878805
v 0.3946686568029074 0.9268437225574147 -0.7483116670668334
v 0.35580596646552465 0.7574797176178683 -0.27281762122548103
vt 0.6875 0.59375
vt 0.734375 0.59375
vt 0.734375 0.546875
vt 0.6875 0.546875
vt 0.609375 0.40625
vt 0.734375 0.40625
vt 0.734375 0.359375
vt 0.609375 0.359375
vt 0.6875 0.546875
vt 0.734375 0.546875
vt 0.734375 0.5
vt 0.6875 0.5
vt 0.625 0.875
vt 0.75 0.875
vt 0.75 0.828125
vt 0.625 0.828125
vt 0.421875 0.25
vt 0.375 0.25
vt 0.375 0.375
vt 0.421875 0.375
vt 0.46875 0.375
vt 0.421875 0.375
vt 0.421875 0.25
vt 0.46875 0.25
vn 0.07676580807384256 0.33454618259663516 -0.9392474979582267
vn 0.9661049806258879 0.2079116908177593 0.1530159966511782
vn -0.07676580807384256 -0.33454618259663516 0.9392474979582267
vn -0.9661049806258879 -0.2079116908177593 -0.1530159966511782
vn -0.246471452952716 0.9191580824489982 0.3072462243023627
vn 0.246471452952716 -0.9191580824489982 -0.3072462243023627
usemtl m_7719b944-326a-63df-0602-fcada7b44fd7
f 28/76/19 31/75/19 29/74/19 26/73/19
f 27/80/20 28/79/20 26/78/20 25/77/20
f 32/84/21 27/83/21 25/82/21 30/81/21
f 31/88/22 32/87/22 30/86/22 29/85/22
f 30/92/23 25/91/23 26/90/23 29/89/23
f 31/96/24 28/95/24 27/94/24 32/93/24
o cube
v -0.2500000000000001 1.2812500000000004 0.26875000000000004
v -0.2500000000000001 1.2812500000000004 0.09375
v -0.2500000000000001 0.6562499999999996 0.26875000000000004
v -0.2500000000000001 0.6562499999999996 0.09375
v -0.4375 1.2812500000000004 0.09375
v -0.4375 1.2812500000000004 0.26875000000000004
v -0.4375 0.6562499999999996 0.09375
v -0.4375 0.6562499999999996 0.26875000000000004
vt 0.515625 0.578125
vt 0.5625 0.578125
vt 0.5625 0.421875
vt 0.515625 0.421875
vt 0.53125 0.84375
vt 0.578125 0.84375
vt 0.578125 0.6875
vt 0.53125 0.6875
vt 0 0.453125
vt 0.046875 0.453125
vt 0.046875 0.296875
vt 0 0.296875
vt 0.046875 0.453125
vt 0.09375 0.453125
vt 0.09375 0.296875
vt 0.046875 0.296875
vt 0.703125 0.625
vt 0.65625 0.625
vt 0.65625 0.671875
vt 0.703125 0.671875
vt 0.71875 1
vt 0.671875 1
vt 0.671875 0.953125
vt 0.71875 0.953125
vn 0 0 -1
vn 1 0 0
vn 0 0 1
vn -1 0 0
vn 0 1 0
vn 0 -1 0
usemtl m_7719b944-326a-63df-0602-fcada7b44fd7
f 36/100/25 39/99/25 37/98/25 34/97/25
f 35/104/26 36/103/26 34/102/26 33/101/26
f 40/108/27 35/107/27 33/106/27 38/105/27
f 39/112/28 40/111/28 38/110/28 37/109/28
f 38/116/29 33/115/29 34/114/29 37/113/29
f 39/120/30 36/119/30 35/118/30 40/117/30
o cube
v 0.23750000000000004 0.5750000000000002 0.29374999999999996
v 0.23750000000000004 0.5750000000000002 0.08750000000000002
v 0.23750000000000004 0 0.29374999999999996
v 0.23750000000000004 0 0.08750000000000002
v 0.03125 0.5750000000000002 0.08750000000000002
v 0.03125 0.5750000000000002 0.29374999999999996
v 0.03125 0 0.08750000000000002
v 0.03125 0 0.29374999999999996
vt 0.25 0.453125
vt 0.296875 0.453125
vt 0.296875 0.3125
vt 0.25 0.3125
vt 0.296875 0.453125
vt 0.34375 0.453125
vt 0.34375 0.3125
vt 0.296875 0.3125
vt 0.5625 1
vt 0.609375 1
vt 0.609375 0.859375
vt 0.5625 0.859375
vt 0.5625 0.578125
vt 0.609375 0.578125
vt 0.609375 0.4375
vt 0.5625 0.4375
vt 0.71875 0.90625
vt 0.671875 0.90625
vt 0.671875 0.953125
vt 0.71875 0.953125
vt 0.71875 0.765625
vt 0.671875 0.765625
vt 0.671875 0.71875
vt 0.71875 0.71875
vn 0 0 -1
vn 1 0 0
vn 0 0 1
vn -1 0 0
vn 0 1 0
vn 0 -1 0
usemtl m_7719b944-326a-63df-0602-fcada7b44fd7
f 44/124/31 47/123/31 45/122/31 42/121/31
f 43/128/32 44/127/32 42/126/32 41/125/32
f 48/132/33 43/131/33 41/130/33 46/129/33
f 47/136/34 48/135/34 46/134/34 45/133/34
f 46/140/35 41/139/35 42/138/35 45/137/35
f 47/144/36 44/143/36 43/142/36 48/141/36
o cube
v -0.031250000000000056 0.5750000000000002 0.29374999999999996
v -0.031250000000000056 0.5750000000000002 0.08750000000000002
v -0.031250000000000056 0 0.29374999999999996
v -0.031250000000000056 0 0.08750000000000002
v -0.2375 0.5750000000000002 0.08750000000000002
v -0.2375 0.5750000000000002 0.29374999999999996
v -0.2375 0 0.08750000000000002
v -0.2375 0 0.29374999999999996
vt 0.5625 0.4375
vt 0.609375 0.4375
vt 0.609375 0.296875
vt 0.5625 0.296875
vt 0.578125 0.859375
vt 0.625 0.859375
vt 0.625 0.71875
vt 0.578125 0.71875
vt 0.46875 0.421875
vt 0.515625 0.421875
vt 0.515625 0.28125
vt 0.46875 0.28125
vt 0.515625 0.421875
vt 0.5625 0.421875
vt 0.5625 0.28125
vt 0.515625 0.28125
vt 0.296875 0.265625
vt 0.25 0.265625
vt 0.25 0.3125
vt 0.296875 0.3125
vt 0.34375 0.3125
vt 0.296875 0.3125
vt 0.296875 0.265625
vt 0.34375 0.265625
vn 0 0 -1
vn 1 0 0
vn 0 0 1
vn -1 0 0
vn 0 1 0
vn 0 -1 0
usemtl m_7719b944-326a-63df-0602-fcada7b44fd7
f 52/148/37 55/147/37 53/146/37 50/145/37
f 51/152/38 52/151/38 50/150/38 49/149/38
f 56/156/39 51/155/39 49/154/39 54/153/39
f 55/160/40 56/159/40 54/158/40 53/157/40
f 54/164/41 49/163/41 50/162/41 53/161/41
f 55/168/42 52/167/42 51/166/42 56/165/42
o cube
v 0.15625 1.7000000000000002 0.3062499999999998
v 0.15625 1.7000000000000002 0.050000000000000044
v 0.15625 1.34375 0.3062499999999998
v 0.15625 1.34375 0.050000000000000044
v -0.15625 1.7000000000000002 0.050000000000000044
v -0.15625 1.7000000000000002 0.3062499999999998
v -0.15625 1.34375 0.050000000000000044
v -0.15625 1.34375 0.3062499999999998
vt 0.09375 0.453125
vt 0.171875 0.453125
vt 0.171875 0.359375
vt 0.09375 0.359375
vt 0.59375 0.71875
vt 0.65625 0.71875
vt 0.65625 0.625
vt 0.59375 0.625
vt 0.171875 0.453125
vt 0.25 0.453125
vt 0.25 0.359375
vt 0.171875 0.359375
vt 0.609375 1
vt 0.671875 1
vt 0.671875 0.90625
vt 0.609375 0.90625
vt 0.703125 0.765625
vt 0.625 0.765625
vt 0.625 0.828125
vt 0.703125 0.828125
vt 0.171875 0.359375
vt 0.09375 0.359375
vt 0.09375 0.296875
vt 0.171875 0.296875
vn 0 0 -1
vn 1 0 0
vn 0 0 1
vn -1 0 0
vn 0 1 0
vn 0 -1 0
usemtl m_7719b944-326a-63df-0602-fcada7b44fd7
f 60/172/43 63/171/43 61/170/43 58/169/43
f 59/176/44 60/175/44 58/174/44 57/173/44
f 64/180/45 59/179/45 57/178/45 62/177/45
f 63/184/46 64/183/46 62/182/46 61/181/46
f 62/188/47 57/187/47 58/186/47 61/185/47
f 63/192/48 60/191/48 59/190/48 64/189/48
o cube
v -0.04123527588211001 1.1884284379056764 0.05625000000000002
v -0.04123527588211001 1.1884284379056764 0.03125
v 0.018684297256905014 0.5035445829676015 0.05625000000000002
v 0.018684297256905014 0.5035445829676015 0.03125
v -0.27783151667889955 1.1677289490031075 0.03125
v -0.27783151667889955 1.1677289490031075 0.05625000000000002
v -0.21791194353988452 0.4828450940650326 0.03125
v -0.21791194353988452 0.4828450940650326 0.05625000000000002
vt 0 0.625
vt 0.0625 0.625
vt 0.0625 0.453125
vt 0 0.453125
vt 0.21875 0.359375
vt 0.234375 0.359375
vt 0.234375 0.1875
vt 0.21875 0.1875
vt 0.0625 0.625
vt 0.125 0.625
vt 0.125 0.453125
vt 0.0625 0.453125
vt 0.234375 0.359375
vt 0.25 0.359375
vt 0.25 0.1875
vt 0.234375 0.1875
vt 0.59375 0.671875
vt 0.53125 0.671875
vt 0.53125 0.6875
vt 0.59375 0.6875
vt 0.59375 0.671875
vt 0.53125 0.671875
vt 0.53125 0.65625
vt 0.59375 0.65625
vn 0 0 -1
vn 0.9961946980917455 0.08715574274765818 0
vn 0 0 1
vn -0.9961946980917455 -0.08715574274765818 0
vn -0.08715574274765818 0.9961946980917455 0
vn 0.08715574274765818 -0.9961946980917455 0
usemtl m_7719b944-326a-63df-0602-fcada7b44fd7
f 68/196/49 71/195/49 69/194/49 66/193/49
f 67/200/50 68/199/50 66/198/50 65/197/50
f 72/204/51 67/203/51 65/202/51 70/201/51
f 71/208/52 72/207/52 70/206/52 69/205/52
f 70/212/53 65/211/53 66/210/53 69/209/53
f 71/216/54 68/215/54 67/214/54 72/213/54
o cube
v 0.2756752097809472 0.8648175696135172 0.05625000000000002
v 0.2756752097809472 0.8648175696135172 0.03749999999999998
v 0.30781388991914616 0.49747077469218604 0.05625000000000002
v 0.30781388991914616 0.49747077469218604 0.03749999999999998
v -0.12902888631882442 0.829410549122281 0.03749999999999998
v -0.12902888631882442 0.829410549122281 0.05625000000000002
v -0.0968902061806255 0.46206375420095 0.03749999999999998
v -0.0968902061806255 0.46206375420095 0.05625000000000002
vt 0.25 0.625
vt 0.359375 0.625
vt 0.359375 0.53125
vt 0.25 0.53125
vt 0.703125 0.71875
vt 0.71875 0.71875
vt 0.71875 0.625
vt 0.703125 0.625
vt 0.359375 0.625
vt 0.46875 0.625
vt 0.46875 0.53125
vt 0.359375 0.53125
vt 0.5625 0.296875
vt 0.578125 0.296875
vt 0.578125 0.203125
vt 0.5625 0.203125
vt 0.75 0.421875
vt 0.640625 0.421875
vt 0.640625 0.4375
vt 0.75 0.4375
vt 0.75 0.421875
vt 0.640625 0.421875
vt 0.640625 0.40625
vt 0.75 0.40625
vn 0 0 -1
vn 0.9961946980917455 0.08715574274765818 0
vn 0 0 1
vn -0.9961946980917455 -0.08715574274765818 0
vn -0.08715574274765818 0.9961946980917455 0
vn 0.08715574274765818 -0.9961946980917455 0
usemtl m_7719b944-326a-63df-0602-fcada7b44fd7
f 76/220/55 79/219/55 77/218/55 74/217/55
f 75/224/56 76/223/56 74/222/56 73/221/56
f 80/228/57 75/227/57 73/226/57 78/225/57
f 79/232/58 80/231/58 78/230/58 77/229/58
f 78/236/59 73/235/59 74/234/59 77/233/59
f 79/240/60 76/239/60 75/238/60 80/237/60
o cube
v -0.12497591635675764 1.3567705527578302 0.05625000000000002
v -0.12497591635675764 1.3567705527578302 0.03749999999999998
v -0.10155281049332454 1.0890432276456739 0.05625000000000002
v -0.10155281049332454 1.0890432276456739 0.03749999999999998
v -0.26195268734437266 1.3447866381300273 0.03749999999999998
v -0.26195268734437266 1.3447866381300273 0.05625000000000002
v -0.23852958148093956 1.077059313017871 0.03749999999999998
v -0.23852958148093956 1.077059313017871 0.05625000000000002
vt 0.6875 0.5
vt 0.71875 0.5
vt 0.71875 0.4375
vt 0.6875 0.4375
vt 0.0625 0.28125
vt 0.078125 0.28125
vt 0.078125 0.21875
vt 0.0625 0.21875
vt 0.6875 0.359375
vt 0.71875 0.359375
vt 0.71875 0.296875
vt 0.6875 0.296875
vt 0.078125 0.28125
vt 0.09375 0.28125
vt 0.09375 0.21875
vt 0.078125 0.21875
vt 0.75 0.703125
vt 0.71875 0.703125
vt 0.71875 0.71875
vt 0.75 0.71875
vt 0.75 0.703125
vt 0.71875 0.703125
vt 0.71875 0.6875
vt 0.75 0.6875
vn 0 0 -1
vn 0.9961946980917455 0.08715574274765818 0
vn 0 0 1
vn -0.9961946980917455 -0.08715574274765818 0
vn -0.08715574274765818 0.9961946980917455 0
vn 0.08715574274765818 -0.9961946980917455 0
usemtl m_7719b944-326a-63df-0602-fcada7b44fd7
f 84/244/61 87/243/61 85/242/61 82/241/61
f 83/248/62 84/247/62 82/246/62 81/245/62
f 88/252/63 83/251/63 81/250/63 86/249/63
f 87/256/64 88/255/64 86/254/64 85/253/64
f 86/260/65 81/259/65 82/258/65 85/257/65
f 87/264/66 84/263/66 83/262/66 88/261/66
o cube
v 0.2507703423286536 0.8626386760448257 0.25624999999999987
v 0.26944899291787383 0.8642728462213443 0.25624999999999987
v 0.28290902246685246 0.49529188112349465 0.25624999999999987
v 0.3015876730560728 0.4969260513000132 0.25624999999999987
v 0.26944899291787383 0.8642728462213443 0.04999999999999993
v 0.2507703423286536 0.8626386760448257 0.04999999999999993
v 0.3015876730560727 0.4969260513000132 0.04999999999999993
v 0.28290902246685246 0.49529188112349465 0.04999999999999993
vt 0.171875 0.359375
vt 0.21875 0.359375
vt 0.21875 0.265625
vt 0.171875 0.265625
vt 0.578125 0.296875
vt 0.59375 0.296875
vt 0.59375 0.203125
vt 0.578125 0.203125
vt 0.640625 0.59375
vt 0.6875 0.59375
vt 0.6875 0.5
vt 0.640625 0.5
vt 0.59375 0.296875
vt 0.609375 0.296875
vt 0.609375 0.203125
vt 0.59375 0.203125
vt 0.75 0.765625
vt 0.703125 0.765625
vt 0.703125 0.78125
vt 0.75 0.78125
vt 0.765625 0.765625
vt 0.71875 0.765625
vt 0.71875 0.75
vt 0.765625 0.75
vn 0.9961946980917457 0.08715574274765817 -2.22409187070277e-16
vn 2.2119965816619253e-16 1.9352462465351423e-17 1
vn -0.9961946980917457 -0.08715574274765817 2.22409187070277e-16
vn -2.2119965816619253e-16 -1.9352462465351423e-17 -1
vn -0.08715574274765817 0.9961946980917455 5.527483829964393e-18
vn 0.08715574274765817 -0.9961946980917455 -5.527483829964393e-18
usemtl m_7719b944-326a-63df-0602-fcada7b44fd7
f 92/268/67 95/267/67 93/266/67 90/265/67
f 91/272/68 92/271/68 90/270/68 89/269/68
f 96/276/69 91/275/69 89/274/69 94/273/69
f 95/280/70 96/279/70 94/278/70 93/277/70
f 94/284/71 89/283/71 90/282/71 93/281/71
f 95/288/72 92/287/72 91/286/72 96/285/72
o cube
v 0.25948591660341935 0.7630192062356511 0.39999999999999947
v 0.27193835032956626 0.764108653019997 0.39999999999999947
v 0.2812748522903339 0.5139705317127148 0.39999999999999947
v 0.2937272860164808 0.5150599784970606 0.39999999999999947
v 0.27193835032956626 0.764108653019997 0.1812499999999999
v 0.25948591660341935 0.7630192062356511 0.1812499999999999
v 0.2937272860164808 0.5150599784970606 0.1812499999999999
v 0.2812748522903339 0.5139705317127148 0.1812499999999999
vt 0.640625 0.5
vt 0.6875 0.5
vt 0.6875 0.4375
vt 0.640625 0.4375
vt 0.09375 0.28125
vt 0.109375 0.28125
vt 0.109375 0.21875
vt 0.09375 0.21875
vt 0.609375 0.359375
vt 0.65625 0.359375
vt 0.65625 0.296875
vt 0.609375 0.296875
vt 0.109375 0.28125
vt 0.125 0.28125
vt 0.125 0.21875
vt 0.109375 0.21875
vt 0.765625 0.734375
vt 0.71875 0.734375
vt 0.71875 0.75
vt 0.765625 0.75
vt 0.765625 0.734375
vt 0.71875 0.734375
vt 0.71875 0.71875
vt 0.765625 0.71875
vn 0.9961946980917457 0.08715574274765817 -2.22409187070277e-16
vn 2.2119965816619253e-16 1.9352462465351423e-17 1
vn -0.9961946980917457 -0.08715574274765817 2.22409187070277e-16
vn -2.2119965816619253e-16 -1.9352462465351423e-17 -1
vn -0.08715574274765817 0.9961946980917455 5.527483829964393e-18
vn 0.08715574274765817 -0.9961946980917455 -5.527483829964393e-18
usemtl m_7719b944-326a-63df-0602-fcada7b44fd7
f 100/292/73 103/291/73 101/290/73 98/289/73
f 99/296/74 100/295/74 98/294/74 97/293/74
f 104/300/75 99/299/75 97/298/75 102/297/75
f 103/304/76 104/303/76 102/302/76 101/301/76
f 102/308/77 97/307/77 98/306/77 101/305/77
f 103/312/78 100/311/78 99/310/78 104/309/78
o cube
v -0.17424092786917206 1.3461865487573739 0.3999999999999997
v -0.17587509804569068 1.364865199346594 0.3999999999999997
v -0.17424092786917206 1.3461865487573739 0.031249999999999667
v -0.17587509804569063 1.364865199346594 0.031249999999999667
v -0.26304213412871835 1.3572390718561738 0.3999999999999997
v -0.2614079639521998 1.3385604212669537 0.3999999999999997
v -0.26304213412871835 1.3572390718561738 0.031249999999999667
v -0.2614079639521998 1.3385604212669537 0.031249999999999667
vt 0.609375 0.296875
vt 0.625 0.296875
vt 0.625 0.203125
vt 0.609375 0.203125
vt 0.625 0.296875
vt 0.640625 0.296875
vt 0.640625 0.203125
vt 0.625 0.203125
vt 0.640625 0.296875
vt 0.65625 0.296875
vt 0.65625 0.203125
vt 0.640625 0.203125
vt 0.6875 0.296875
vt 0.703125 0.296875
vt 0.703125 0.203125
vt 0.6875 0.203125
vt 0.53125 0.828125
vt 0.515625 0.828125
vt 0.515625 0.84375
vt 0.53125 0.84375
vt 0.53125 0.828125
vt 0.515625 0.828125
vt 0.515625 0.8125
vt 0.53125 0.8125
vn -0.08715574274765817 0.9961946980917457 -2.22409187070277e-16
vn 0.9961946980917455 0.08715574274765817 -5.527483829964393e-18
vn 0.08715574274765817 -0.9961946980917457 2.22409187070277e-16
vn -0.9961946980917455 -0.08715574274765817 5.527483829964393e-18
vn -1.9352462465351423e-17 2.2119965816619253e-16 1
vn 1.9352462465351423e-17 -2.2119965816619253e-16 -1
usemtl m_7719b944-326a-63df-0602-fcada7b44fd7
f 108/316/79 111/315/79 109/314/79 106/313/79
f 107/320/80 108/319/80 106/318/80 105/317/80
f 112/324/81 107/323/81 105/322/81 110/321/81
f 111/328/82 112/327/82 110/326/82 109/325/82
f 110/332/83 105/331/83 106/330/83 109/329/83
f 111/336/84 108/335/84 107/334/84 112/333/84
o cube
v -0.12497591635675764 1.3567705527578302 0.41249999999999987
v -0.12497591635675764 1.3567705527578302 0.39374999999999993
v -0.10155281049332454 1.0890432276456739 0.41249999999999987
v -0.10155281049332454 1.0890432276456739 0.39374999999999993
v -0.26195268734437266 1.3447866381300273 0.39374999999999993
v -0.26195268734437266 1.3447866381300273 0.41249999999999987
v -0.23852958148093956 1.077059313017871 0.39374999999999993
v -0.23852958148093956 1.077059313017871 0.41249999999999987
vt 0 0.296875
vt 0.03125 0.296875
vt 0.03125 0.234375
vt 0 0.234375
vt 0.125 0.28125
vt 0.140625 0.28125
vt 0.140625 0.21875
vt 0.125 0.21875
vt 0.03125 0.296875
vt 0.0625 0.296875
vt 0.0625 0.234375
vt 0.03125 0.234375
vt 0.140625 0.28125
vt 0.15625 0.28125
vt 0.15625 0.21875
vt 0.140625 0.21875
vt 0.75 0.671875
vt 0.71875 0.671875
vt 0.71875 0.6875
vt 0.75 0.6875
vt 0.75 0.671875
vt 0.71875 0.671875
vt 0.71875 0.65625
vt 0.75 0.65625
vn 0 0 -1
vn 0.9961946980917455 0.08715574274765818 0
vn 0 0 1
vn -0.9961946980917455 -0.08715574274765818 0
vn -0.08715574274765818 0.9961946980917455 0
vn 0.08715574274765818 -0.9961946980917455 0
usemtl m_7719b944-326a-63df-0602-fcada7b44fd7
f 116/340/85 119/339/85 117/338/85 114/337/85
f 115/344/86 116/343/86 114/342/86 113/341/86
f 120/348/87 115/347/87 113/346/87 118/345/87
f 119/352/88 120/351/88 118/350/88 117/349/88
f 118/356/89 113/355/89 114/354/89 117/353/89
f 119/360/90 116/359/90 115/358/90 120/357/90
o cube
v -0.04123527588211001 1.1884284379056764 0.41874999999999984
v -0.04123527588211001 1.1884284379056764 0.38749999999999996
v 0.018684297256905014 0.5035445829676015 0.41874999999999984
v 0.018684297256905014 0.5035445829676015 0.38749999999999996
v -0.27783151667889955 1.1677289490031075 0.38749999999999996
v -0.27783151667889955 1.1677289490031075 0.41874999999999984
v -0.21791194353988452 0.4828450940650326 0.38749999999999996
v -0.21791194353988452 0.4828450940650326 0.41874999999999984
vt 0.125 0.625
vt 0.1875 0.625
vt 0.1875 0.453125
vt 0.125 0.453125
vt 0.65625 0.359375
vt 0.671875 0.359375
vt 0.671875 0.1875
vt 0.65625 0.1875
vt 0.1875 0.625
vt 0.25 0.625
vt 0.25 0.453125
vt 0.1875 0.453125
vt 0.671875 0.359375
vt 0.6875 0.359375
vt 0.6875 0.1875
vt 0.671875 0.1875
vt 0.765625 0.796875
vt 0.703125 0.796875
vt 0.703125 0.8125
vt 0.765625 0.8125
vt 0.765625 0.796875
vt 0.703125 0.796875
vt 0.703125 0.78125
vt 0.765625 0.78125
vn 0 0 -1
vn 0.9961946980917455 0.08715574274765818 0
vn 0 0 1
vn -0.9961946980917455 -0.08715574274765818 0
vn -0.08715574274765818 0.9961946980917455 0
vn 0.08715574274765818 -0.9961946980917455 0
usemtl m_7719b944-326a-63df-0602-fcada7b44fd7
f 124/364/91 127/363/91 125/362/91 122/361/91
f 123/368/92 124/367/92 122/366/92 121/365/92
f 128/372/93 123/371/93 121/370/93 126/369/93
f 127/376/94 128/375/94 126/374/94 125/373/94
f 126/380/95 121/379/95 122/378/95 125/377/95
f 127/384/96 124/383/96 123/382/96 128/381/96
o cube
v 0.2756752097809472 0.8648175696135172 0.41249999999999987
v 0.2756752097809472 0.8648175696135172 0.39374999999999993
v 0.30781388991914616 0.49747077469218604 0.41249999999999987
v 0.30781388991914616 0.49747077469218604 0.39374999999999993
v -0.12902888631882442 0.829410549122281 0.39374999999999993
v -0.12902888631882442 0.829410549122281 0.41249999999999987
v -0.0968902061806255 0.46206375420095 0.39374999999999993
v -0.0968902061806255 0.46206375420095 0.41249999999999987
vt 0.40625 1
vt 0.515625 1
vt 0.515625 0.90625
vt 0.40625 0.90625
vt 0.703125 0.296875
vt 0.71875 0.296875
vt 0.71875 0.203125
vt 0.703125 0.203125
vt 0.40625 0.90625
vt 0.515625 0.90625
vt 0.515625 0.8125
vt 0.40625 0.8125
vt 0.71875 1
vt 0.734375 1
vt 0.734375 0.90625
vt 0.71875 0.90625
vt 0.171875 0.28125
vt 0.0625 0.28125
vt 0.0625 0.296875
vt 0.171875 0.296875
vt 0.8125 0.828125
vt 0.703125 0.828125
vt 0.703125 0.8125
vt 0.8125 0.8125
vn 0 0 -1
vn 0.9961946980917455 0.08715574274765818 0
vn 0 0 1
vn -0.9961946980917455 -0.08715574274765818 0
vn -0.08715574274765818 0.9961946980917455 0
vn 0.08715574274765818 -0.9961946980917455 0
usemtl m_7719b944-326a-63df-0602-fcada7b44fd7
f 132/388/97 135/387/97 133/386/97 130/385/97
f 131/392/98 132/391/98 130/390/98 129/389/98
f 136/396/99 131/395/99 129/394/99 134/393/99
f 135/400/100 136/399/100 134/398/100 133/397/100
f 134/404/101 129/403/101 130/402/101 133/401/101
f 135/408/102 132/407/102 131/406/102 136/405/102